1 0.733204 0.133356 0.184755 0.237767 0.373482
7 0.15084 0.164369 0.199612 0.23501 0.39665
7 0.729651 0.130255 0.177649 0.234321 0.533167
4 0.147287 0.667815 0.204134 0.234321 0.634481
2 0.365956 0.817023 0.238372 0.301172 0.68536
2 0.728036 0.564438 0.18863 0.213646 0.751805
3 0.154716 0.410407 0.21124 0.248794 0.764841
7 0.863695 0.838732 0.254522 0.311509 0.790932
3 0.35562 0.548932 0.209948 0.229497 0.836379
7 0.548127 0.283942 0.189276 0.216402 0.837886
2 0.15407 0.164369 0.20478 0.230875 0.845766
2 0.357235 0.287043 0.204134 0.221227 0.939837
