2 0.418448 0.153081 0.150275 0.191913 0.437499
7 0.172266 0.869384 0.208919 0.217587 0.552563
7 0.592242 0.313222 0.215638 0.178434 0.612653
7 0.133781 0.437099 0.183262 0.227214 0.638177
4 0.424252 0.154365 0.150886 0.199615 0.674606
2 0.871411 0.824134 0.230299 0.263158 0.685879
1 0.42639 0.44095 0.119731 0.145058 0.708364
7 0.293219 0.304557 0.13317 0.179076 0.816477
4 0.871106 0.546534 0.217471 0.224005 0.816762
2 0.850031 0.141207 0.207086 0.213094 0.818634
3 0.142639 0.17362 0.181429 0.21887 0.877529
