7 0.532075 0.867274 0.238491 0.235341 0.315071
2 0.519623 0.543582 0.154717 0.202853 0.339599
3 0.523019 0.302298 0.125283 0.176704 0.340537
7 0.666792 0.428288 0.160755 0.186212 0.383149
7 0.839245 0.841918 0.224906 0.243265 0.391517
1 0.380755 0.403724 0.168302 0.213154 0.520564
7 0.67434 0.700475 0.144151 0.191759 0.529937
2 0.646415 0.146197 0.184906 0.227417 0.59976
7 0.376226 0.402139 0.17283 0.213154 0.657686
7 0.185283 0.837163 0.246792 0.249604 0.68654
3 0.167925 0.58439 0.22717 0.230586 0.741839
5 0.40566 0.16561 0.245283 0.253566 0.770685
2 0.158868 0.164422 0.273962 0.268621 0.882646
