0 0.476276 0.381054 0.0121073 0.0147251 0.309217
0 0.816263 0.514562 0.016034 0.0166885 0.310122
0 0.702716 0.404287 0.0153796 0.0114529 0.323606
3 0.552029 0.260471 0.145942 0.187173 0.858663
5 0.698462 0.682755 0.165249 0.167212 0.94227
6 0.720877 0.245092 0.207461 0.218586 0.943144
2 0.393488 0.256381 0.177029 0.189463 0.952335
7 0.545484 0.559064 0.159031 0.158704 0.953815
1 0.226767 0.444045 0.174084 0.184555 0.954095
0 0.22644 0.620092 0.166885 0.164267 0.955995
2 0.389562 0.606675 0.162631 0.170157 0.957964
7 0.39267 0.436682 0.163613 0.165903 0.958661
4 0.538285 0.718914 0.156414 0.162958 0.960905
