0 0.348004 0.178829 0.0173429 0.016034 0.304352
0 0.24002 0.426374 0.0166885 0.0170157 0.306255
0 0.304647 0.36551 0.0176702 0.0183246 0.343768
1 0.785831 0.914594 0.167866 0.168848 0.488935
4 0.786976 0.914431 0.160995 0.166558 0.556084
5 0.804647 0.15805 0.181283 0.182592 0.688873
1 0.80661 0.157068 0.181283 0.187173 0.718443
5 0.239038 0.890707 0.168521 0.161649 0.773173
1 0.548757 0.766852 0.137435 0.173102 0.856269
5 0.115347 0.766688 0.156086 0.174084 0.863164
5 0.695681 0.362238 0.171466 0.177356 0.864405
2 0.705007 0.629908 0.18161 0.190445 0.878148
0 0.309391 0.637925 0.166558 0.18161 0.890953
2 0.40216 0.890543 0.159031 0.15805 0.935768
2 0.134653 0.146433 0.190772 0.190772 0.942923
5 0.133835 0.342605 0.192408 0.198298 0.943906
