0 0.0428665 0.814627 0.0189791 0.0179974 0.300477
0 0.0168521 0.374673 0.0173429 0.0176702 0.34168
5 0.795975 0.168194 0.167212 0.169503 0.481417
0 0.789103 0.161322 0.172448 0.157723 0.532568
3 0.666721 0.866656 0.137762 0.141688 0.643163
1 0.287304 0.283541 0.155759 0.171139 0.781986
1 0.270942 0.824116 0.142016 0.15216 0.81653
3 0.499673 0.51587 0.130236 0.141688 0.833592
5 0.626473 0.160504 0.144306 0.14627 0.867937
5 0.178501 0.170321 0.141034 0.144961 0.88189
1 0.152651 0.710897 0.13449 0.154123 0.88838
2 0.691263 0.518325 0.141034 0.140052 0.895045
2 0.705988 0.264562 0.119437 0.124018 0.902559
2 0.28534 0.611093 0.149215 0.157395 0.90483
2 0.787958 0.624182 0.143325 0.146924 0.921858
